7 5
2.4
13.041 12.795 8.571 11.308 2.984
19.863 3.552 3.744 8.331 1.487
3.209 10.113 11.591 0.305 11.328
5.789 2.453 14.594 17.023 6.903
14.112 10.498 5.986 3.208 4.214
7.854 19.538 1.744 9.838 7.457
4.748 7.701 0.944 4.250 6.485
0.390 3.850 3.204 14.129 10.204
9.571 0.883 6.716 5.791 11.310
9.190 1.621 8.850 1.614 19.726
10.358 7.465 0.077 14.294 8.739
0.769 0.055 7.148 10.035 4.522
0.912 8.803 16.187 27.125 15.381
1.751 16.959 3.477 1.033 1.990
6.787 9.376 21.042 9.880 5.054
0.241 10.752 1.846 7.268 6.479
1.242 6.430 11.021 23.127 6.872
4.890 19.376 1.545 9.658 1.271
18.250 10.382 4.851 0.854 15.647
0.913 8.297 14.910 4.120 5.827
3.471 3.819 11.087 5.032 10.662
3.929 4.886 10.361 13.078 11.743
18.899 1.128 9.599 4.489 17.500
0.299 12.797 10.110 4.320 6.503
2.849 3.743 14.959 13.734 0.974
14.383 3.567 9.206 0.981 7.234
10.351 1.451 3.282 6.869 6.221
2.267 3.214 9.995 18.115 9.100
16.139 4.836 9.047 6.784 5.940
7.151 16.450 3.920 4.758 2.188
7.856 4.774 9.372 0.349 2.342
6.721 15.821 2.349 5.532 15.020
0.997 13.084 13.567 0.211 0.378
23.127 5.498 13.354 6.357 2.596
14.877 5.429 6.466 10.439 2.772
6.671 5.492 5.307 2.600 1.890
0.333 6.871 11.441 5.808 11.822
9.036 3.625 11.293 14.377 24.277
12.524 15.610 5.701 3.717 5.823
0.977 9.995 7.823 3.191 33.777
6.720 14.187 6.184 4.285 8.138
16.518 4.572 8.530 5.109 9.362
9.278 11.384 7.287 8.129 15.038
0.383 6.265 4.679 2.501 6.205
10.773 9.900 7.376 1.138 6.407
9.304 6.275 8.331 16.037 7.316
13.133 0.255 0.893 2.059 14.305
5.702 13.219 13.377 4.223 5.328
6.855 9.741 4.016 0.038 6.271
0.539 0.390 5.742 11.245 10.313
0.415 9.358 11.645 7.243 12.294
8.463 21.537 4.580 9.704 3.243
14.506 4.353 13.923 3.812 16.255
14.002 0.817 14.001 9.779 21.279
10.570 9.217 1.987 17.768 2.482
12.635 7.901 11.314 0.346 9.973
9.212 14.787 6.274 14.723 15.075
2.768 9.669 1.578 7.925 5.084
20.038 14.376 7.978 5.023 7.583
4.567 11.752 10.107 15.443 4.256
23.689 6.212 8.998 5.523 2.220
25.461 0.804 0.397 14.421 24.869
11.572 5.082 10.630 11.091 2.421
1.383 16.456 19.107 1.825 13.470
3.105 6.932 2.311 1.822 14.300
22.718 8.102 5.690 3.498 12.826
5.307 9.305 0.049 12.074 8.722
14.965 1.516 0.705 6.184 4.327
2.176 1.034 7.804 2.823 7.086
10.332 1.067 19.064 14.265 2.772
0.529 7.563 4.364 9.636 4.278
2.371 9.059 6.005 10.957 7.728
10.321 15.774 3.561 6.405 4.102
8.147 0.046 5.287 2.974 11.638
29.300 20.474 4.460 12.954 6.362
4.953 2.795 3.107 1.170 17.195
12.747 5.558 0.080 0.288 7.019
8.989 6.364 11.969 14.385 5.036
15.106 10.104 9.313 9.544 13.335
4.585 27.652 5.055 6.675 10.115
1.443 8.201 9.054 2.230 5.698
2.701 7.519 1.708 14.732 6.999
3.668 5.687 1.742 2.381 2.566
4.542 7.910 2.550 17.327 0.105
18.711 16.656 12.385 7.210 8.790
7.940 5.683 14.275 8.037 2.060
10.821 5.366 6.947 2.551 14.760
3.248 21.666 1.524 7.420 4.029
22.814 8.925 13.878 3.880 4.082
3.983 3.216 8.115 16.409 16.062
2.448 0.566 7.265 11.102 7.313
10.848 0.308 14.946 8.028 19.787
3.210 13.119 15.726 7.664 14.222
2.022 4.133 6.416 5.954 9.685
10.052 22.338 8.850 10.353 4.552
7.079 6.787 3.751 6.011 2.143
3.607 10.717 4.088 2.851 0.948
2.451 4.058 2.809 8.948 15.545
3.126 9.600 8.837 10.402 1.528
2.907 14.327 3.622 0.513 5.994
8.304 1.637 6.549 10.862 7.851
2.176 1.492 0.519 3.998 5.802
1.698 3.129 2.446 9.123 24.523
14.704 5.282 7.512 1.225 13.040
10.091 12.809 13.642 5.032 4.775
3.585 5.335 8.995 3.194 12.264
2.659 2.107 6.709 10.067 10.361
1.812 3.767 3.107 0.768 6.396
11.292 12.228 22.168 10.788 1.237
29.187 15.011 1.339 4.681 9.906
8.302 7.066 7.422 1.999 2.561
4.791 10.373 15.548 18.306 5.949
10.337 6.427 27.848 7.680 14.756
0.917 1.696 9.924 14.437 17.141
11.962 9.851 5.168 0.937 1.949
12.168 0.428 17.096 0.710 14.638
11.754 3.232 6.476 12.124 16.708
21.483 11.828 5.487 5.695 6.210
7.893 0.618 12.613 7.106 15.675
3.131 5.610 1.567 2.265 2.004
11.062 9.690 20.610 0.975 21.531
13.450 2.941 21.614 0.226 2.869
12.757 12.653 4.470 16.634 12.426
6.782 12.493 0.339 5.922 5.276
1.576 14.297 11.438 1.304 4.091
0.820 4.342 9.624 3.755 19.048
6.580 1.881 9.691 0.920 12.939
15.148 3.126 5.477 16.029 1.525
2.725 1.847 3.526 1.372 13.789
3.015 6.483 3.264 14.710 17.292
20.884 3.188 9.031 16.759 7.387
1.095 4.992 15.980 6.155 12.326
21.163 6.367 8.148 17.615 15.565
13.055 14.678 7.998 1.605 1.858
12.992 1.954 3.266 3.381 9.738
10.310 12.049 3.453 2.368 4.506
3.233 0.607 6.355 7.611 3.817
9.939 13.662 7.196 11.562 6.220
3.938 8.716 3.280 6.909 6.291
7.792 12.240 1.944 15.478 18.784
6.921 0.733 14.722 21.367 0.104
15.524 12.666 12.804 13.018 3.790
1.429 13.150 2.519 8.334 12.485
12.212 11.590 2.996 4.548 17.042
2.126 6.044 23.607 2.890 10.167
3.048 17.291 4.589 1.106 16.838
15.070 3.366 0.007 17.530 9.695
3.835 15.358 15.253 14.325 4.131
4.874 0.669 1.969 4.798 16.033
11.224 19.615 9.228 3.747 4.600
5.307 8.578 4.596 13.757 17.463
7.546 23.631 10.051 7.875 14.005
2.350 9.556 1.758 2.581 15.845
0.329 9.473 1.232 11.432 0.319
0.509 10.579 8.584 2.934 10.888
8.755 13.172 1.089 0.002 0.564
14.831 0.344 3.457 4.826 6.930
1.705 1.886 0.922 6.666 7.576
4.204 5.025 0.471 10.830 5.879
2.597 14.563 5.331 7.773 4.733
11.455 19.742 9.384 1.596 2.552
0.132 4.560 9.344 3.311 7.023
0.973 5.532 8.223 3.606 5.929
4.587 1.187 13.271 9.031 5.145
11.681 7.151 0.552 1.176 3.233
6.182 21.651 2.374 14.616 2.983
0.731 12.764 6.464 7.331 0.339
3.060 3.851 20.420 6.024 0.560
8.992 18.835 3.523 10.018 16.920
4.441 5.278 11.707 22.238 13.646
2.376 12.174 16.109 8.415 3.215
5.316 2.715 8.145 12.087 9.547
0.630 0.312 4.482 21.195 12.563
3.255 9.021 2.081 4.065 1.777
4.032 1.011 9.968 13.835 3.611
12.860 16.100 9.744 4.286 12.685
8.954 2.146 6.057 0.933 16.361
3.988 9.779 7.481 9.686 3.739
0.613 0.700 10.474 14.665 3.830
3.801 19.551 4.296 8.883 12.899
10.429 3.459 3.177 0.134 9.372
2.069 17.953 2.500 2.818 5.847
3.455 17.361 5.210 0.905 2.669
11.326 3.059 0.092 13.242 14.136
7.872 6.888 1.297 20.316 13.958
3.823 14.132 0.910 10.058 4.455
1.545 5.791 1.241 15.457 10.536
1.080 8.891 21.613 15.242 4.653
3.630 7.009 7.791 5.008 2.304
5.137 4.013 1.048 9.352 14.484
5.785 10.801 9.520 9.921 5.405
19.713 6.231 12.664 8.704 9.569
4.210 3.935 0.940 0.633 1.081
0.241 2.254 7.693 1.836 2.768
4.462 4.408 10.177 15.139 23.767
7.447 13.642 11.972 9.407 12.003
2.355 14.176 6.713 15.069 6.243
12.501 1.624 1.508 10.209 5.672
2.892 17.033 10.599 10.108 0.809
15.879 10.185 9.884 11.739 8.574
9.212 4.620 4.361 6.951 1.905
7.264 4.678 13.629 11.270 12.040
8.375 10.654 3.944 12.570 17.803
3.461 8.518 2.080 8.266 8.610
12.548 3.504 5.774 0.723 7.101
6.028 13.178 19.469 8.175 1.768
24.059 7.762 7.346 4.742 4.771
0.369 6.171 4.092 0.297 7.602
5.016 2.639 7.309 23.151 5.416
1.970 23.400 9.647 12.025 1.091
0.225 13.778 5.867 4.854 11.788
12.571 6.829 17.565 2.687 4.510
12.157 6.260 13.514 13.916 3.640
9.425 9.855 10.419 10.187 0.305
5.560 7.028 4.216 5.023 4.843
8.180 20.007 3.478 11.842 6.651
1.888 19.766 3.360 0.811 10.035
12.170 3.248 3.294 3.822 15.748
5.498 16.952 8.765 2.392 7.154
0.050 3.357 6.878 32.909 12.334
3.089 9.163 7.089 3.785 2.717
19.907 19.496 1.977 10.403 6.396
17.426 10.438 7.968 5.394 7.277
14.142 7.641 11.891 10.392 9.783
7.774 6.200 17.930 6.733 8.887
6.938 0.372 8.861 6.325 21.282
8.573 9.251 9.831 8.295 6.282
11.076 3.894 8.250 8.659 2.589
6.820 12.296 12.505 9.051 6.864
8.476 10.513 26.110 0.720 8.461
18.229 24.610 1.807 13.755 2.209
22.218 13.457 0.387 2.576 3.119
14.869 8.430 6.178 8.716 6.828
2.046 9.173 10.475 2.067 3.152
0.330 1.936 16.165 0.228 15.399
9.969 19.915 5.510 3.229 5.920
5.844 16.642 2.751 2.611 14.335
5.187 17.271 5.251 10.631 9.010
4.384 4.678 3.042 2.041 3.749
3.377 0.157 1.430 4.008 12.524
14.876 10.259 1.663 2.909 7.118
3.237 6.398 4.008 5.797 4.730
9.609 10.249 10.694 20.240 24.480
15.880 0.263 23.757 3.542 6.478
21.830 3.996 10.090 10.296 2.613
13.999 13.937 4.665 2.150 14.022
9.581 4.744 11.635 1.518 17.800
0.260 4.289 8.034 10.083 8.664
3.148 0.166 8.972 15.234 18.099
8.312 8.653 16.308 0.256 2.782
3.719 4.471 6.062 15.341 21.910
6.509 3.432 2.555 12.995 7.045
19.070 9.756 10.552 5.273 7.679
0.153 2.353 6.301 3.423 1.992
8.602 4.071 5.396 12.925 12.449
5.970 9.904 22.082 9.390 4.898
3.696 2.675 27.978 7.535 17.134
7.697 0.546 6.785 3.897 2.387
9.800 5.019 11.845 9.805 16.135
0.260 7.635 11.605 6.770 0.600
8.340 0.052 4.795 7.088 11.691
0.682 7.349 0.532 3.435 7.939
2.847 11.759 3.193 1.825 12.071
1.208 8.776 3.536 1.903 20.323
2.102 10.002 4.208 14.631 9.164
6.244 13.512 2.479 10.925 4.914
9.265 4.070 3.808 6.241 3.625
19.670 20.934 13.579 2.427 10.624
0.494 8.303 11.545 3.474 18.580
10.754 11.572 2.267 5.304 8.463
11.350 8.891 10.878 6.309 14.108
19.907 4.773 23.138 5.248 3.978
9.703 12.386 10.253 9.904 0.905
3.932 2.283 5.507 3.788 11.223
8.694 9.193 8.712 19.222 11.160
6.529 0.278 2.858 26.726 4.349
2.044 5.117 7.802 3.158 1.681
15.844 7.459 4.471 2.453 1.475
5.065 15.622 2.594 4.866 3.002
7.298 0.080 2.361 13.487 3.395
23.013 14.144 13.359 12.839 10.884
9.785 8.150 15.908 7.191 2.727
3.616 3.046 10.915 4.676 23.220
2.390 11.726 4.215 3.199 6.655
5.252 2.693 5.375 2.063 29.468
10.213 4.929 18.540 0.305 15.856
18.145 5.594 13.406 11.145 11.082
8.143 0.929 10.931 11.445 15.790
6.389 11.820 16.535 5.343 7.814
8.993 1.848 12.382 10.720 4.268
13.731 3.317 6.053 7.714 11.553
5.478 10.803 10.108 1.093 3.835
15.604 19.283 2.928 1.643 11.218
3.248 1.951 6.430 0.009 2.469
4.605 25.791 3.077 24.118 6.786
6.244 5.982 4.331 0.704 15.962
7.169 15.463 12.781 3.893 13.604
8.649 1.047 6.133 9.194 12.171
23.186 11.027 0.835 0.178 4.047
0.696 0.259 4.816 7.709 7.900
9.783 12.290 5.023 4.510 13.249
4.035 15.359 6.214 12.152 17.699
6.416 16.708 0.019 1.000 3.204
0.648 9.259 0.675 13.938 13.293
5.342 1.521 7.076 3.768 1.166
13.235 8.611 1.327 3.161 0.326
1.869 8.806 8.273 4.923 13.563
6.802 2.382 2.252 1.290 8.401
0.470 18.412 3.031 8.395 10.268
5.018 7.475 17.846 1.808 8.137
7.269 7.048 1.057 2.801 15.168
6.674 13.974 0.188 1.558 7.478
11.541 3.506 1.739 5.540 2.649
6.333 2.870 10.017 6.924 15.412
17.128 15.693 10.317 5.808 4.104
12.235 16.193 2.038 26.601 2.473
0.833 7.033 4.481 8.951 4.157
12.253 3.645 7.981 2.044 15.423
13.247 3.316 12.816 11.380 2.332
16.058 1.853 3.074 6.856 7.228
2.184 2.033 4.802 3.899 5.437
13.593 14.585 17.387 6.572 10.441
11.518 1.747 26.871 9.078 16.700
2.797 7.206 9.496 1.073 8.525
11.003 8.121 5.575 7.682 13.847
0.195 11.033 20.699 8.229 5.923
3.846 4.248 9.848 20.408 15.005
0.705 4.740 7.309 11.974 5.917
3.215 7.080 0.578 1.814 4.918
13.464 0.360 2.536 1.321 18.180
3.513 16.090 3.935 1.931 13.550
2.788 1.778 8.005 1.547 19.672
5.290 1.181 7.561 14.353 7.495
9.125 2.227 6.263 3.435 18.639
6.419 10.414 0.374 0.390 3.769
16.111 2.667 5.528 8.977 2.126
18.786 13.326 8.048 7.467 0.554
0.416 2.296 19.916 5.688 18.171
2.619 1.443 23.246 9.403 6.303
15.266 9.164 1.118 12.697 14.177
10.921 0.321 1.389 0.015 4.390
25.232 17.501 11.621 2.186 16.694
2.478 6.820 2.241 11.090 5.714
3.282 12.118 7.853 1.869 5.575
13.155 6.229 7.498 0.822 21.017
3.477 9.640 9.075 9.849 4.844
0.575 9.941 11.388 1.694 3.487
1.353 0.903 24.383 16.454 7.463
16.178 5.999 13.052 5.497 3.207
5.061 3.724 8.830 15.868 12.579
1.764 15.883 9.601 2.306 4.031
23.498 8.699 4.100 11.161 4.115
4.033 5.610 5.450 24.491 22.025
3.284 5.814 6.651 13.283 0.979
12.763 2.964 19.216 1.461 1.254
10.364 16.076 14.842 11.113 12.005
0.903 2.355 1.664 4.506 6.276
3.709 6.135 5.449 0.209 6.797
3.368 7.555 5.684 14.371 5.710
29.813 14.159 0.729 2.259 2.777
11.596 13.372 12.660 0.667 8.276
2.546 7.968 16.427 15.819 12.025
22.086 0.494 1.867 5.284 13.127
12.698 0.764 14.894 1.107 2.533
4.856 13.739 1.145 2.103 3.611
16.062 13.985 13.577 5.167 10.157
3.709 8.644 1.984 10.073 19.450
11.450 8.324 3.652 14.761 5.779
11.512 20.122 11.418 6.933 5.387
9.885 10.500 0.323 4.135 3.202
12.676 4.139 0.863 3.154 0.214
10.431 1.905 0.503 12.597 10.049
13.253 3.999 2.776 10.995 6.297
5.499 4.823 1.898 16.999 14.546
18.179 15.528 16.786 7.685 4.517
15.447 11.142 6.314 4.165 9.856
0.731 12.479 11.357 3.984 2.734
16.611 3.516 1.544 30.985 5.478
6.150 6.631 0.907 4.906 18.986
4.765 2.296 12.535 6.249 7.882
1.962 10.685 3.203 17.745 0.401
3.614 2.543 6.894 4.779 8.153
7.654 7.901 5.067 10.863 13.104
4.657 8.759 2.848 1.926 1.554
6.039 11.667 6.398 9.771 6.356
23.531 10.080 13.063 10.884 2.570
16.386 10.626 5.739 20.974 7.659
5.195 14.486 9.688 15.126 12.401
9.697 4.213 1.838 4.237 5.432
9.030 5.732 13.646 0.666 0.616
13.007 2.840 12.400 4.083 6.269
1.163 7.999 6.289 7.153 14.720
18.395 1.288 3.646 0.937 12.161
10.281 5.653 7.811 24.029 13.187
8.680 20.042 8.839 10.983 10.145
8.438 14.170 7.995 15.878 11.440
10.630 9.958 20.499 6.712 6.878
0.378 13.200 9.066 0.786 6.662
14.267 5.714 13.110 6.243 19.764
5.770 9.262 15.107 11.620 9.274
0.941 15.460 8.007 1.311 9.877
5.819 8.633 11.215 20.808 5.943
15.508 8.625 8.622 0.027 5.372
5.796 14.428 4.370 2.658 16.130
7.367 18.725 7.654 5.337 4.131
8.055 15.439 10.952 3.174 2.315
23.799 10.954 17.280 6.882 12.421
1.662 6.526 14.739 0.020 1.835
8.769 1.074 23.755 0.052 17.831
3.780 4.095 0.553 2.798 1.009
6.939 3.354 7.553 8.926 12.277
17.835 8.161 11.231 2.006 11.086
7.376 2.015 6.060 3.099 11.281
13.852 0.473 0.649 6.354 20.833
1.118 12.240 7.658 0.638 7.072
0.115 20.360 15.551 9.515 3.712
17.906 18.891 5.029 2.767 21.154
6.681 5.535 4.561 0.470 2.934
6.436 8.802 2.439 17.711 4.505
10.429 7.205 13.118 2.054 4.128
2.351 5.799 7.902 6.224 10.585
0.119 2.907 14.233 0.833 1.084
15.142 13.796 2.134 21.285 17.460
0.561 4.551 20.883 5.783 13.644
12.200 6.934 3.427 8.098 8.234
5.700 10.728 3.265 0.421 3.386
1.446 1.822 3.129 0.436 2.994
0.697 8.255 9.519 5.739 15.425
4.445 9.498 11.853 5.571 11.556
8.796 3.470 4.086 6.468 16.045
1.270 1.594 10.033 0.013 1.744
2.845 3.900 2.541 2.602 0.652
10.649 17.168 8.063 0.405 8.781
3.270 16.577 3.951 6.054 2.185
3.000 1.790 6.668 7.834 3.657
14.120 9.643 5.579 4.572 15.620
8.677 22.288 10.151 9.955 3.379
4.437 9.192 2.154 2.347 11.310
3.030 4.403 3.265 15.163 3.662
6.492 0.429 14.473 1.775 12.407
24.376 7.028 9.858 6.199 11.033
2.361 9.648 10.895 1.820 16.140
0.161 1.846 7.576 1.478 13.699
10.122 1.223 18.425 1.356 2.744
5.967 4.620 14.602 13.316 3.055
1.231 27.655 8.896 30.520 8.506
12.550 17.434 1.649 16.723 13.771
5.114 16.513 9.395 1.553 1.628
13.707 6.670 0.693 1.302 10.521
1.284 1.734 3.528 9.835 5.013
16.212 19.471 4.448 9.916 7.293
2.750 11.056 0.632 3.293 7.840
4.447 11.603 6.812 1.249 5.700
1.047 2.329 5.402 13.191 3.827
0.106 6.523 8.242 16.177 11.837
1.806 12.306 11.637 12.613 7.315
5.898 1.016 8.899 3.147 0.065
6.154 11.588 3.260 3.453 4.204
17.428 14.072 1.751 1.376 0.718
10.308 1.759 7.988 10.434 9.093
6.987 13.874 0.740 15.466 18.775
9.546 6.538 13.037 6.229 4.948
4.674 25.261 1.548 4.107 3.210
6.072 1.733 13.369 20.614 3.274
7.745 8.679 11.307 5.579 5.167
11.331 0.390 2.573 3.737 3.674
0.491 22.047 8.900 16.614 7.711
12.812 1.329 14.441 2.954 11.693
7.952 4.210 7.285 12.459 17.116
4.841 3.440 14.191 27.732 2.876
19.011 8.961 16.007 13.546 13.070
5.594 17.118 12.331 4.490 1.899
7.636 13.651 3.097 10.669 6.938
8.829 23.710 6.497 12.388 2.964
23.065 13.531 27.641 8.513 7.489
1.582 0.040 6.714 41.605 10.791
10.906 6.754 18.809 4.024 5.614
16.441 13.365 5.892 11.416 0.436
25.016 6.392 14.604 12.013 15.277
2.530 0.523 17.851 4.172 7.750
6.384 10.951 6.983 16.780 16.090
13.268 5.173 1.283 11.269 1.424
11.082 7.329 16.952 16.289 7.344
18.481 18.745 8.701 4.555 2.679
16.662 0.385 9.612 18.512 13.296
9.632 9.376 14.472 11.573 1.474
0.468 1.339 0.746 5.027 3.090
8.303 1.396 0.874 18.120 5.998
22.359 9.601 3.553 6.500 0.495
16.858 6.611 12.968 21.118 4.562
7.860 1.034 8.797 3.761 9.480
7.942 1.680 12.093 19.180 3.834
5.238 8.611 3.476 5.905 13.725
9.509 7.248 16.751 14.188 19.264
0.238 15.101 0.733 0.039 1.019
5.683 4.342 1.576 5.451 3.931
5.021 11.650 2.151 19.540 9.921
15.728 1.152 8.087 11.534 1.566
15.943 6.882 6.235 8.812 1.184
12.864 22.806 11.336 3.771 0.897
7.174 4.957 16.061 2.254 15.525
10.727 21.607 8.701 12.791 3.577
11.756 15.409 1.090 7.804 1.219
7.601 11.001 0.725 4.984 1.971
3.197 7.734 14.937 13.945 7.772
3.796 6.444 6.610 0.923 0.128
5.141 6.844 9.137 3.957 11.848
11.340 7.937 2.671 11.496 6.233
6.964 3.377 14.451 8.745 2.094
1.810 7.525 11.389 13.509 7.468
7.368 8.140 4.004 1.348 0.406
3.982 8.742 3.434 10.036 0.795
9.054 5.087 0.645 4.560 13.591
4.115 3.064 5.718 12.553 1.658
16.412 2.695 5.523 3.749 4.790
9.834 9.705 8.600 25.338 2.501
5.996 8.175 4.046 0.158 3.048
5.685 5.844 16.149 9.274 3.530
3.886 10.233 17.579 10.800 8.180
16.293 1.143 1.341 4.784 4.771
11.607 4.111 10.001 7.806 18.033
2.871 9.085 12.923 11.060 1.193
0.880 2.523 6.252 5.265 3.078
12.728 22.318 3.326 8.870 3.322
9.254 4.592 5.770 9.149 8.031
1.796 2.085 18.637 3.459 2.626
11.729 2.302 10.742 7.574 13.817
6.949 0.860 0.638 7.619 0.323
6.334 10.950 0.745 9.739 4.212
8.475 6.561 4.153 5.889 3.850
15.996 10.050 10.743 4.866 3.921
13.660 14.165 6.069 0.925 7.181
7.435 3.919 5.631 0.858 10.721
5.216 12.020 10.756 8.830 0.964
12.418 6.570 0.274 2.787 7.122
10.893 6.191 15.472 13.304 3.252
18.361 13.370 0.751 10.398 0.940
2.671 4.983 10.067 2.193 9.008
6.338 4.578 10.716 7.926 2.646
10.739 22.959 24.071 12.264 16.766
11.891 10.486 13.454 1.315 11.584
32.753 6.951 9.226 5.554 3.910
19.990 14.280 4.993 12.955 7.441
23.287 25.443 0.095 0.518 8.896
14.623 2.389 6.316 4.457 16.429
10.291 2.704 1.206 1.537 7.525
12.943 6.923 2.747 15.036 6.209
7.494 25.017 0.440 7.392 7.046
1.828 17.967 9.359 14.238 22.300
1.777 8.755 9.751 3.802 14.376
13.446 12.989 14.547 4.899 3.426
5.524 16.552 1.475 9.074 16.743
7.430 20.231 7.278 13.154 1.277
7.629 11.424 10.220 4.991 8.214
7.741 4.172 11.505 14.311 13.303
0.104 15.583 8.891 8.569 12.609
2.525 10.971 6.803 12.315 17.502
11.601 0.216 3.487 4.526 5.183
12.995 23.933 11.651 8.664 8.303
0.077 1.790 9.787 11.663 14.699
11.445 8.072 0.493 1.190 0.256
1.327 2.677 1.766 13.770 19.303
10.747 2.619 11.310 10.364 8.393
6.168 9.911 5.648 21.393 2.451
2.236 1.684 4.171 9.114 14.130
2.802 4.358 3.264 9.467 7.245
13.867 15.051 0.781 2.842 8.374
10.017 3.216 4.207 13.672 6.913
15.110 11.174 6.399 10.003 18.974
23.220 8.649 12.616 3.834 18.687
7.504 8.498 13.315 8.945 11.907
20.014 7.916 1.969 6.822 14.299
9.546 6.608 14.865 16.244 6.777
4.373 3.617 3.298 4.102 8.657
6.972 12.237 13.197 21.892 18.430
7.734 19.944 3.792 7.583 2.006
14.712 1.958 15.154 6.253 0.287
14.235 0.254 24.604 9.678 14.580
2.928 0.219 5.371 7.429 1.730
17.999 0.025 10.390 1.700 18.896
9.443 7.824 18.329 4.712 2.838
16.160 29.422 12.758 0.876 15.832
0.842 10.198 17.754 4.153 8.290
19.129 13.806 1.317 13.642 4.980
5.483 7.143 1.644 2.701 5.286
10.358 8.079 5.347 10.827 7.231
1.729 14.671 15.469 4.943 2.016
3.685 9.240 5.624 2.009 0.123
1.764 7.686 10.133 11.481 2.782
1.871 3.362 7.630 1.527 10.672
0.333 10.480 5.778 2.240 9.490
3.087 8.433 7.692 3.728 3.868
0.181 8.867 26.054 2.242 16.451
21.545 22.413 13.828 1.505 10.922
19.466 8.146 5.664 13.167 1.939
2.502 3.033 6.554 4.334 26.348
10.165 3.051 18.706 5.948 12.190
0.094 2.974 2.511 9.379 8.921
14.169 2.498 3.283 0.402 7.108
10.022 0.811 2.961 5.977 0.420
5.859 3.907 2.879 17.443 5.325
5.599 17.030 4.598 8.122 4.734
2.861 5.439 16.097 4.067 5.467
15.548 9.913 6.002 10.559 10.472
0.433 2.378 9.610 7.046 0.759
8.202 7.489 4.275 9.919 12.313
13.118 11.738 16.940 2.602 5.957
17.462 10.092 18.482 6.049 0.436
17.064 16.224 3.722 12.580 4.434
5.586 9.167 3.415 13.790 2.821
14.615 16.964 0.858 2.629 3.356
3.919 4.630 6.323 11.564 13.652
35.964 1.565 2.545 5.684 12.474
9.728 1.266 12.049 13.551 7.720
12.236 3.390 23.104 0.612 16.607
3.882 8.931 7.811 3.108 13.093
6.861 0.240 36.095 17.205 0.692
0.227 0.355 10.818 0.678 9.600
5.027 2.413 12.302 8.471 13.878
7.256 4.999 2.013 2.088 2.202
15.297 0.714 8.235 4.656 3.740
4.696 12.704 8.444 9.679 5.422
13.001 19.481 17.561 3.105 1.944
20.924 4.840 3.978 3.871 0.120
15.170 12.221 4.719 0.885 0.104
2.334 10.341 12.264 5.318 14.074
4.028 3.075 11.366 0.882 16.079
1.255 1.494 6.662 2.327 6.511
6.402 5.171 4.856 9.634 7.100
15.538 7.914 14.798 11.182 5.914
12.957 0.211 2.584 23.344 8.500
5.613 8.198 5.957 3.544 4.700
8.655 21.720 4.936 12.027 10.272
7.842 9.201 0.997 2.965 15.493
8.505 12.522 2.616 1.160 16.979
23.606 12.876 8.956 13.865 0.342
1.677 1.466 4.530 19.291 6.711
13.180 8.263 5.206 13.932 12.252
9.122 1.657 5.004 1.775 5.491
5.225 1.755 0.061 26.928 11.947
3.088 17.242 1.900 0.576 0.303
6.409 2.065 6.429 13.377 1.457
9.002 7.206 5.582 20.378 6.987
11.118 4.521 2.050 2.673 3.739
0.542 10.627 17.196 3.896 4.496
10.061 9.265 0.085 2.005 9.283
5.825 1.607 11.019 13.998 6.357
2.654 0.563 0.216 6.700 11.239
6.269 8.802 9.636 2.791 5.954
8.505 7.804 6.535 1.370 18.980
8.143 9.246 9.361 3.141 13.613
2.145 11.043 8.546 16.300 20.441
2.968 12.164 1.248 11.726 12.305
7.465 5.382 1.968 3.141 8.218
0.412 5.163 0.593 1.975 2.644
0.116 5.720 14.034 15.298 14.712
3.469 6.210 0.430 3.737 2.164
15.342 1.921 1.595 15.607 11.468
14.196 21.270 2.999 15.889 5.568
10.081 14.328 4.860 0.268 9.277
2.217 4.696 8.230 6.904 3.782
21.425 8.219 3.627 2.050 12.807
11.652 5.500 4.143 4.309 13.329
15.067 19.768 0.084 10.587 2.738
1.852 9.697 6.704 7.320 1.951
6.060 6.977 9.723 7.018 9.270
16.024 4.786 13.384 1.566 18.438
9.358 0.750 7.223 3.212 1.228
9.337 17.244 14.727 11.339 7.944
2.150 3.059 4.486 4.893 8.890
4.851 6.862 0.543 5.005 0.225
3.622 3.546 2.154 9.551 11.203
15.680 17.524 11.940 14.588 2.957
0.631 9.288 2.492 5.835 7.979
4.052 10.868 17.919 29.814 5.924
1.889 4.628 5.944 10.716 24.132
3.088 11.956 11.243 8.708 8.811
16.679 3.184 7.411 7.031 1.529
4.728 16.140 0.969 11.390 1.725
12.867 11.138 6.799 3.574 0.782
4.675 10.981 11.018 4.539 6.139
10.153 22.898 12.983 11.381 4.357
6.178 0.144 18.104 4.799 7.474
11.476 7.954 2.124 10.226 15.866
2.633 4.649 5.266 9.844 9.433
2.688 6.067 8.157 3.646 5.369
8.780 18.290 3.168 3.396 5.969
5.041 4.541 3.738 14.635 15.066
4.059 8.385 15.036 9.118 1.016
9.180 15.176 0.636 3.817 10.960
11.745 1.253 2.956 6.089 6.480
10.245 10.384 8.912 2.642 0.170
2.374 3.037 7.430 8.738 14.425
9.124 12.477 21.890 10.939 8.730
1.811 23.431 13.674 5.545 9.142
10.852 1.006 5.276 4.606 18.917
5.295 4.960 20.333 3.230 15.423
0.415 26.299 8.837 1.064 5.972
23.735 5.571 12.263 12.007 8.324
25.097 3.355 2.584 9.820 3.836
17.703 9.087 1.586 13.367 20.152
3.594 31.135 18.269 0.234 7.779
18.551 14.224 3.040 7.425 13.871
5.036 6.609 1.503 6.626 6.205
9.514 4.057 14.696 8.235 5.668
4.608 19.196 6.400 17.663 0.126
4.833 2.364 12.684 21.762 8.586
12.747 3.922 10.040 6.165 15.736
2.641 14.661 8.943 4.108 3.662
5.509 8.134 22.919 11.610 12.825
5.062 2.106 0.783 3.551 7.037
2.025 6.614 8.975 6.180 7.883
9.089 12.263 16.065 22.285 7.371
11.808 28.744 16.629 10.960 5.628
4.029 3.337 31.061 8.911 5.645
0.008 2.964 17.139 9.895 0.933
5.935 4.828 6.956 5.747 1.766
10.335 1.183 11.645 14.297 0.008
1.877 15.750 3.750 3.118 14.118
15.065 22.885 1.233 12.021 1.958
6.097 6.556 8.311 9.700 7.395
20.059 10.176 7.732 20.158 1.152
17.930 2.843 5.527 6.228 10.644
12.279 5.400 8.649 1.262 9.887
2.146 2.654 4.667 3.160 6.697
10.889 27.232 6.420 2.903 6.834
3.051 4.736 4.434 3.669 0.231
6.989 0.516 5.363 19.670 3.116
3.505 3.062 2.479 6.214 4.621
7.248 19.560 2.558 5.583 0.683
7.946 2.673 7.996 3.906 7.543
11.095 8.143 12.651 7.578 9.836
8.944 7.457 13.562 2.476 12.820
17.999 1.105 11.050 3.278 8.838
3.176 19.541 14.504 14.211 1.616
21.588 4.778 0.808 17.556 8.951
0.531 8.311 2.980 7.696 7.454
11.083 3.672 10.867 3.608 11.645
2.206 1.268 16.692 14.359 5.417
1.390 1.532 16.267 0.822 10.590
1.376 9.122 11.308 12.102 10.560
10.716 5.596 9.378 0.263 24.041
11.793 0.703 7.666 2.391 14.208
12.521 1.811 4.058 18.720 11.203
19.511 6.259 15.363 10.114 8.380
0.766 10.736 4.263 3.826 2.391
11.122 3.908 4.455 0.562 16.744
12.283 16.805 17.660 2.146 4.350
10.997 3.485 9.140 1.319 17.457
0.786 14.317 8.154 14.107 9.459
3.097 28.859 3.168 7.228 7.321
15.893 1.777 6.588 0.378 3.362
6.535 4.073 14.003 5.205 9.184
0.654 1.512 12.360 15.973 17.140
3.295 2.571 9.290 15.645 11.661
8.773 16.036 10.270 0.708 0.103
6.469 4.651 0.056 17.756 10.138
5.403 7.213 9.947 1.398 4.170
6.900 22.357 13.120 7.300 4.656
4.569 16.461 2.409 6.707 0.027
0.454 14.168 17.377 11.807 0.691
0.680 8.849 21.568 17.535 6.744
4.691 0.157 6.171 3.248 6.176
0.578 3.388 20.968 6.319 1.400
10.146 15.042 6.758 11.711 5.679
8.761 3.366 6.979 13.982 0.548
11.958 0.786 13.467 0.564 1.415
1.760 6.547 5.801 14.889 0.487
20.225 0.447 4.355 16.341 3.028
2.745 15.968 6.817 4.570 9.334
6.215 0.314 0.413 2.282 19.745
9.978 6.256 1.287 0.674 5.965
14.029 14.179 11.262 10.603 12.283
8.310 8.204 5.202 18.180 12.024
7.382 8.851 10.304 10.273 1.049
24.254 5.735 1.803 8.526 2.092
19.470 8.718 12.918 9.437 24.872
2.279 10.082 2.589 10.444 17.372
13.159 14.890 1.381 7.242 14.022
24.162 5.851 9.211 9.567 4.595
15.882 6.886 1.708 24.135 13.883
15.391 1.372 4.195 1.357 0.786
4.821 0.144 3.614 4.989 0.190
11.750 5.960 5.204 2.013 1.214
13.266 0.971 7.196 16.923 5.791
5.652 5.430 9.009 2.353 15.013
2.894 26.076 1.840 21.990 13.374
3.983 11.525 0.712 10.445 12.068
6.143 2.744 28.284 1.098 20.456
4.670 6.364 15.359 16.257 7.355
6.431 4.644 16.810 15.249 1.740
11.507 9.028 5.197 4.311 14.282
3.569 4.277 3.781 0.200 4.674
18.025 2.467 6.145 9.300 1.092
10.189 2.533 5.572 3.665 11.333
12.840 6.513 16.103 6.436 3.189
4.000 6.015 23.475 0.561 11.587
6.992 9.068 2.499 13.351 10.521
4.177 11.053 8.454 3.120 15.948
2.455 16.398 15.018 10.613 14.897
5.741 20.328 7.147 1.923 0.742
0.294 8.653 2.961 7.692 5.558
18.263 0.771 6.324 10.674 4.085
11.666 8.772 8.657 11.973 21.921
28.162 29.040 13.225 8.456 9.813
12.582 14.699 2.123 0.408 5.153
11.707 1.137 12.270 7.244 10.192
12.494 2.249 1.565 4.220 9.609
5.136 4.182 6.541 9.258 16.743
11.343 0.900 0.572 12.536 2.119
8.910 5.864 0.254 9.215 6.300
2.529 4.198 16.950 1.763 18.714
4.801 0.575 13.984 3.915 7.373
5.715 23.338 10.702 7.688 15.733
15.713 2.929 19.026 7.611 3.636
7.774 8.481 4.565 2.664 6.907
14.896 14.377 12.623 4.902 5.119
8.247 4.297 1.750 2.664 22.853
11.669 13.963 2.084 12.423 5.167
0.263 5.652 8.536 0.577 1.857
5.508 6.188 12.984 4.311 16.115
13.801 3.044 7.086 5.488 19.736
7.847 3.867 9.498 4.085 0.479
9.575 3.049 2.248 1.218 10.191
8.605 4.705 11.711 9.470 5.842
4.247 8.166 8.769 4.068 10.675
19.433 18.052 10.012 1.889 5.119
20.361 1.923 5.201 8.747 0.642
6.608 9.281 0.220 11.285 0.308
5.886 11.679 11.867 8.337 5.545
7.894 14.423 3.334 5.724 26.766
5.245 8.146 3.225 3.525 1.664
27.037 0.316 5.067 0.320 9.105
15.843 6.963 0.631 12.748 8.998
19.244 23.853 0.551 1.443 27.671
0.918 10.150 5.807 7.804 6.172
5.622 6.529 0.210 1.241 1.592
14.122 11.937 8.674 13.187 8.592
1.528 11.957 13.340 2.637 6.765
7.331 5.083 5.854 3.055 22.195
16.457 21.154 7.578 5.822 16.060
2.449 6.672 9.912 2.068 4.123
3.028 13.385 2.995 3.301 5.607
10.422 2.398 8.617 0.547 15.147
0.843 7.054 8.639 6.695 13.136
14.963 11.305 3.007 1.690 11.713
4.650 1.269 13.719 7.181 9.894
13.219 1.797 3.969 3.012 14.327
4.331 2.433 1.949 3.314 5.749
14.652 2.626 6.325 7.720 15.370
9.004 5.078 17.807 0.091 10.883
10.501 15.313 9.387 6.038 17.261
1.891 10.789 12.262 16.879 1.742
4.756 8.044 5.217 6.133 4.156
27.264 1.256 3.748 1.401 17.149
10.698 3.765 2.696 8.196 0.410
8.251 4.320 0.198 17.287 1.167
13.309 9.318 1.979 0.885 8.439
3.168 3.261 0.317 20.369 5.274
1.290 3.206 3.843 10.882 1.047
20.094 15.245 2.418 6.280 8.262
8.554 1.600 9.645 18.852 10.144
2.787 2.156 8.883 2.581 9.833
7.357 12.010 10.555 5.049 10.045
0.724 1.062 3.830 21.043 19.664
2.384 16.306 23.658 8.591 22.443
20.944 10.763 3.255 18.159 7.450
2.619 7.516 13.487 10.117 10.187
14.184 9.874 4.414 8.863 1.534
7.696 7.460 5.773 5.490 18.113
5.666 4.854 1.349 4.553 9.387
1.999 4.498 23.371 14.552 7.892
8.611 1.187 1.002 12.843 14.343
2.473 17.924 0.264 26.030 13.334
11.220 3.493 7.701 6.675 2.471
6.391 5.197 14.282 8.513 4.441
12.518 7.195 6.591 6.867 0.585
2.029 1.329 2.161 9.261 6.658
3.746 1.404 8.660 9.288 21.976
0.204 13.216 14.347 8.411 6.877
5.263 5.465 6.501 12.012 12.322
8.817 3.721 12.613 16.086 5.584
5.488 7.537 13.461 13.243 15.737
9.718 16.390 4.740 4.868 6.329
4.950 16.053 19.937 0.326 6.273
0.174 7.228 1.762 0.212 10.680
11.788 7.472 5.685 14.802 1.405
12.103 15.182 0.742 2.994 6.702
12.127 0.958 14.837 12.041 0.435
4.743 13.342 2.728 10.368 5.266
10.404 0.430 2.168 11.752 2.157
7.113 6.443 19.549 9.293 0.642
12.894 7.245 12.300 2.741 14.280
7.291 5.776 6.339 12.326 6.350
12.084 10.679 10.333 8.004 14.243
0.812 13.903 4.580 11.662 14.291
8.198 7.913 0.429 4.981 9.588
11.030 17.893 0.920 2.889 5.637
8.593 1.432 7.666 13.414 6.548
5.142 2.777 5.520 14.364 14.018
3.319 33.014 11.479 5.574 7.699
6.154 4.478 4.760 8.668 4.577
4.575 10.346 12.283 5.993 3.479
0.421 1.606 20.446 1.066 5.432
0.761 5.636 14.585 6.519 1.492
3.044 2.172 10.721 5.064 19.494
0.677 6.560 1.552 14.698 6.155
8.377 19.167 4.319 6.250 0.751
16.850 2.515 10.648 11.926 2.621
16.155 0.742 8.427 1.078 9.134
10.254 0.646 1.997 12.070 18.249
12.700 1.117 3.118 9.990 4.993
17.741 0.911 11.739 23.960 3.924
11.131 8.803 4.849 6.086 1.039
5.254 10.252 4.839 2.243 2.757
8.999 6.308 0.629 5.384 7.203
9.030 9.909 16.608 9.682 2.551
1.218 10.722 1.824 4.597 13.961
18.074 4.521 2.849 18.832 8.209
7.291 7.527 0.664 3.640 0.481
5.486 4.212 21.367 4.707 0.696
9.900 20.213 2.418 0.696 3.273
17.161 0.040 13.327 0.940 6.914
2.019 9.649 1.542 13.121 21.049
17.731 9.153 8.857 2.600 10.800
16.606 15.636 9.758 3.855 11.327
3.245 3.972 0.237 2.310 21.179
20.904 11.262 1.585 5.628 31.926
2.153 8.816 1.925 6.074 6.362
4.640 4.786 2.197 2.952 6.231
0.669 18.231 13.745 6.247 6.096
6.768 1.846 5.716 0.819 12.553
10.650 1.075 3.877 2.980 4.591
20.622 6.150 12.126 1.820 3.884
11.870 2.485 0.409 4.547 4.608
1.206 2.471 12.829 5.336 1.299
20.129 15.175 0.382 10.739 10.042
7.574 9.919 4.087 33.837 5.089
4.831 9.454 2.638 4.473 12.056
10.260 1.676 10.457 10.162 9.050
5.349 36.959 14.076 0.871 19.068
11.175 6.808 6.692 4.100 0.876
10.009 2.147 11.581 6.262 8.368
1.373 10.104 5.017 2.765 16.545
2.839 1.188 0.793 22.673 8.926
4.464 19.175 8.031 4.130 6.517
0.197 11.874 3.248 0.029 3.359
8.902 10.616 8.201 3.322 18.620
2.094 15.838 2.872 5.505 18.787
8.112 12.631 7.388 3.958 4.921
6.003 7.920 6.812 4.112 3.473
0.549 9.182 2.384 1.326 22.753
2.972 15.094 9.397 17.008 32.470
2.409 19.915 4.218 5.383 2.326
8.130 19.038 7.244 14.887 14.624
6.516 1.050 15.873 8.110 4.248
1.620 19.125 19.695 10.317 14.728
12.052 1.677 11.076 0.421 3.669
1.831 14.256 16.305 1.345 21.422
7.314 1.680 7.564 9.594 8.804
0.064 0.646 3.462 2.078 1.320
16.871 8.775 5.212 6.420 6.667
9.609 10.603 5.564 6.127 4.666
7.271 1.838 18.622 1.580 14.429
4.059 4.072 18.855 9.999 15.277
4.042 15.678 3.815 1.481 1.010
21.091 6.364 18.086 4.334 1.761
16.098 5.644 0.737 4.412 1.964
0.922 0.553 12.235 15.484 6.079
10.860 9.220 11.419 0.542 9.429
3.126 4.617 6.030 32.996 5.184
7.916 0.674 18.983 3.297 4.767
2.194 16.975 8.016 17.397 7.742
12.967 10.734 11.118 1.207 12.400
7.613 1.985 0.552 6.609 11.869
4.680 3.751 1.872 12.242 9.311
9.127 4.083 6.122 6.194 14.617
3.245 1.052 5.977 6.004 5.991
4.572 4.416 14.886 1.990 15.056
17.955 8.178 6.249 9.690 2.056
17.247 1.970 2.028 20.104 4.180
5.641 7.425 7.151 4.320 6.133
2.578 27.259 2.683 12.106 6.584
0.805 4.339 18.826 1.681 5.018
2.214 17.494 3.908 13.022 11.017
9.822 0.654 13.377 7.643 0.858
3.638 4.782 10.717 0.960 2.910
13.809 9.069 10.071 10.743 15.012
21.064 5.585 13.690 1.050 8.317
7.690 2.162 14.022 7.288 4.013
4.368 14.025 2.781 1.149 2.949
4.499 0.470 2.252 6.626 9.413
6.486 1.288 14.092 8.716 11.107
10.268 15.461 2.126 2.912 14.667
19.514 12.301 0.150 2.695 2.860
5.404 0.712 13.981 0.223 7.771
7.805 5.265 13.623 0.061 10.786
1.095 1.342 5.267 5.049 9.909
9.543 0.175 6.429 3.555 2.364
14.638 6.643 1.680 13.307 7.359
3.614 4.426 2.984 11.078 8.242
17.726 0.324 0.355 11.672 5.013
1.851 1.794 16.859 3.067 9.600
9.098 8.735 2.198 18.382 5.431
18.506 13.769 1.903 0.076 3.165
17.364 8.698 5.318 2.143 2.878
4.893 0.669 9.608 25.729 15.035
5.556 7.363 4.708 0.250 8.875
7.064 0.474 14.072 6.095 11.672
4.368 8.657 24.094 16.175 4.421
7.540 1.297 0.236 7.898 11.151
0.481 9.396 17.058 17.553 1.270
0.157 3.081 5.053 4.209 9.649
8.951 4.904 7.972 5.953 10.576
2.149 9.167 8.026 5.639 8.833
0.828 21.203 13.049 3.548 1.653
15.840 7.237 0.152 2.093 20.837
7.045 16.296 10.415 19.522 5.157
0.460 12.785 7.438 9.775 18.711
2.715 11.099 7.546 17.437 4.722
1.699 15.167 3.075 15.839 12.390
3.959 11.739 7.073 2.268 1.988
4.456 19.328 1.721 3.089 1.050
0.471 2.737 5.977 7.419 2.632
1.123 2.523 5.073 15.992 6.223
0.491 4.879 1.696 18.089 2.303
13.866 12.423 13.780 18.532 5.877
11.441 15.293 26.297 4.143 8.101
3.493 6.727 15.954 16.878 2.112
22.939 11.269 5.907 0.660 9.405
1.272 2.184 1.319 4.064 0.731
7.691 1.537 7.057 21.373 19.210
12.783 0.690 16.455 6.468 2.550
0.119 3.028 1.615 5.593 4.349
3.321 11.622 8.931 15.564 0.931
22.282 9.246 21.924 14.909 2.883
7.755 6.987 12.040 1.822 13.368
2.973 7.280 1.971 0.248 18.440
1.409 10.501 2.593 1.849 0.368
2.820 1.044 7.009 4.684 4.873
8.424 6.840 6.780 14.052 0.266
3.373 15.739 11.289 7.803 7.647
6.039 1.087 12.154 19.277 5.709
24.447 9.102 6.641 1.853 13.036
4.777 5.569 3.265 1.688 1.608
4.064 2.911 5.960 6.285 30.618
3.772 5.235 4.699 19.952 15.411
0.807 5.206 1.546 14.678 5.964
13.041 3.672 3.684 4.881 2.442
12.650 4.332 3.706 11.278 8.881
10.838 7.481 4.752 3.513 15.621
7.016 10.001 2.218 10.589 4.812
0.257 13.469 3.396 2.908 10.635
10.422 18.214 15.294 5.709 13.490
8.089 0.063 2.676 7.441 0.141
2.757 2.212 19.716 0.218 10.611
24.715 18.840 8.827 0.390 10.267
3.549 11.154 1.689 0.131 18.890
6.837 10.836 8.174 20.790 10.585
7.466 6.987 11.117 1.214 0.161
25.109 15.024 15.715 12.205 1.572
14.874 12.012 1.586 5.560 10.952
5.078 6.635 19.835 10.840 22.130
2.488 10.894 12.828 19.929 25.614
1.222 0.550 7.430 8.169 4.553
1.286 4.466 14.210 2.883 1.845
14.016 2.432 6.045 11.336 5.560
11.160 11.347 12.369 21.834 14.220
16.886 7.090 12.836 5.136 7.632
9.717 18.770 22.844 5.689 7.679
1.520 10.432 4.057 9.240 14.521
9.779 3.938 4.438 1.658 0.520
16.676 2.402 2.104 2.437 2.854
7.018 0.105 9.653 12.205 1.754
9.820 1.172 6.140 9.545 6.971
2.583 8.206 13.297 13.833 13.107
1.815 4.172 5.167 11.776 3.878
5.474 1.721 1.107 6.496 14.464
4.702 11.699 2.467 1.716 6.254
0.024 4.826 12.276 16.466 0.455
0.858 2.360 3.823 4.090 3.710
11.183 5.550 0.786 10.259 4.742
0.561 5.622 9.167 0.850 5.443
10.059 7.400 0.368 5.424 1.612
2.977 5.568 6.870 5.972 13.951
9.302 1.884 11.072 3.125 4.375
7.768 9.339 2.443 9.848 8.846
1.989 4.045 0.169 9.059 10.542
3.368 3.125 4.074 3.931 13.346
9.501 6.042 8.718 4.894 7.745
21.683 16.675 5.258 7.309 4.715
6.007 11.568 5.257 9.309 1.177
28.747 11.641 3.210 17.378 5.356
11.987 8.382 22.346 3.784 2.073
7.095 7.180 22.704 18.636 19.926
8.391 4.506 0.394 13.773 2.814
7.048 4.288 1.418 16.655 5.355
4.146 11.734 3.141 7.675 7.247
6.606 5.968 7.181 8.480 6.126
4.337 6.846 5.643 5.818 2.706
9.495 0.428 18.339 19.166 2.484
7.551 8.516 1.260 19.080 16.159
0.356 12.877 9.194 0.009 3.060
1.234 8.175 13.401 9.048 10.760
1.536 5.283 4.222 7.052 0.657
0.406 7.490 8.398 8.982 6.111
30.652 8.491 11.817 5.857 3.674
1.493 10.100 7.470 14.743 1.845
3.412 2.037 5.867 16.795 23.982
20.020 14.579 3.788 1.325 1.047
0.530 7.399 0.592 1.309 10.491
1.098 0.183 11.356 0.576 4.732
8.149 12.293 3.828 8.899 11.971
20.340 8.200 1.931 1.872 0.178
9.559 8.268 2.335 1.292 17.395
6.586 1.748 12.493 0.104 6.773
4.657 3.383 6.356 2.911 0.707
10.478 16.411 9.686 5.850 0.729
1.617 9.227 24.909 5.050 15.490
3.792 7.196 1.865 5.014 5.426
3.387 10.211 13.739 4.680 13.878
6.997 15.378 12.355 4.054 2.136
0.349 3.585 3.645 13.443 1.650
3.095 2.299 9.472 3.820 13.030
2.472 0.819 2.055 13.051 9.978
3.028 11.117 17.713 9.278 7.359
4.289 1.245 7.779 4.326 3.422
18.647 2.309 1.457 2.757 14.721
15.225 5.657 2.751 5.160 8.595
9.979 8.890 4.044 11.908 3.808
1.288 6.857 0.525 20.428 12.543
21.485 13.430 11.247 6.395 6.994
1.153 2.255 15.626 10.197 4.137
2.848 7.600 13.128 19.198 14.783
11.143 4.066 10.724 11.321 11.631
7.493 14.226 0.046 4.992 21.147
2.376 3.669 2.910 18.356 11.440
3.019 1.577 6.263 8.780 0.134
12.419 5.485 0.127 4.135 7.561
4.831 4.081 11.098 7.427 7.475
0.021 28.223 11.738 0.621 8.678
7.727 10.612 15.641 2.990 10.523
18.068 9.232 2.179 4.921 1.564
10.006 4.853 7.121 25.487 1.278
5.589 9.715 11.706 5.448 0.718
20.570 7.189 3.759 7.631 7.204
2.019 12.177 6.727 20.624 10.650
0.914 4.941 0.892 17.837 1.821
11.510 0.444 3.032 2.453 17.806
8.122 3.919 13.834 0.549 0.675
2.965 8.331 8.373 9.161 8.210
12.395 5.012 9.761 7.905 3.432
1.171 12.287 20.946 4.238 0.261
2.678 8.423 8.925 9.018 3.152
8.615 4.846 7.172 15.610 1.241
5.190 14.897 9.632 5.671 1.786
7.300 2.263 11.626 4.236 3.095
13.807 7.312 5.793 19.544 8.058
2.949 7.519 12.565 4.922 1.971
9.235 2.367 7.090 15.462 15.910
4.650 8.013 8.809 5.033 1.790
1.919 5.160 16.808 15.343 23.916
2.513 9.603 5.561 3.208 16.347
22.659 1.607 7.882 1.909 19.276
18.785 3.143 8.546 9.848 2.818
1.389 5.719 7.879 5.966 8.113
8.919 0.979 9.878 3.693 5.914
1.904 7.201 0.183 6.204 3.689
10.541 11.311 6.761 11.352 8.356
3.831 0.667 5.864 30.796 4.575
3.756 3.126 11.188 3.094 22.276
1.702 16.603 0.358 2.892 3.877
4.787 12.615 7.340 2.870 1.010
13.843 17.689 10.818 4.378 9.224
11.131 0.264 10.035 18.220 1.050
5.112 16.793 7.454 6.543 9.847
16.785 3.653 7.935 8.996 10.427
2.983 4.577 1.720 14.298 9.281
8.203 14.690 7.880 10.105 5.045
1.733 6.660 7.174 14.093 4.368
4.849 6.358 1.811 0.464 14.040
4.458 5.948 16.692 9.949 4.313
8.217 11.477 11.953 6.859 3.163
1.141 28.598 1.277 11.763 9.766
14.275 16.532 8.649 24.364 17.555
9.264 3.983 4.535 3.802 2.868
11.456 4.598 2.700 0.252 0.708
25.522 5.776 25.919 5.363 23.097
7.006 5.795 11.701 10.949 10.914
11.536 9.384 7.153 4.609 11.675
2.975 3.968 18.893 17.352 6.545
8.621 14.081 0.121 0.004 4.789
24.104 5.679 12.098 18.237 3.045
3.605 5.547 8.128 9.980 9.622
8.133 1.755 1.176 5.273 6.765
3.219 0.390 1.386 8.252 4.770
9.151 10.038 9.009 2.029 9.074
6.699 8.287 8.238 23.494 2.532
25.188 0.388 2.437 22.060 9.070
18.762 12.071 20.560 1.497 3.430
3.006 13.505 10.723 3.197 13.115
13.550 6.395 24.028 1.098 2.249
1.436 9.730 0.941 12.079 1.808
2.744 8.663 3.820 0.265 6.756
11.017 6.903 15.735 9.746 19.095
15.709 8.738 5.139 6.567 2.303
3.147 0.178 15.775 13.090 0.441
9.110 6.573 5.644 10.226 1.746
1.581 4.658 5.235 14.995 1.795
15.442 9.099 18.833 2.992 13.674
7.809 5.607 2.140 7.480 7.437
4.557 2.996 7.737 8.134 4.784
9.513 16.257 13.660 0.046 5.344
3.262 10.614 1.691 1.881 1.326
24.255 2.133 17.564 0.081 12.656
0.675 14.862 5.881 2.361 9.543
6.779 11.793 7.423 2.966 8.928
9.220 7.512 18.711 0.196 0.658
0.065 0.066 4.025 3.537 17.431
2.085 2.171 3.713 1.904 1.550
15.075 13.353 20.030 9.353 18.815
10.466 3.472 9.769 6.901 10.753
1.545 7.488 9.347 2.635 8.884
4.950 0.954 5.152 4.277 7.864
14.549 12.932 10.590 7.978 12.512
12.727 2.953 12.688 13.104 12.493
13.775 10.477 2.499 21.205 0.285
11.467 9.529 12.484 5.833 17.713
10.780 10.220 4.642 3.656 8.690
19.424 12.853 18.609 3.008 20.885
12.853 1.715 5.588 10.151 19.706
2.995 7.381 10.662 0.550 4.494
16.098 0.215 17.979 17.259 21.634
3.308 3.268 4.026 18.686 4.572
6.139 22.254 0.203 12.409 0.340
5.117 3.316 0.508 19.395 11.574
1.763 12.824 27.492 9.020 14.169
18.294 8.900 0.357 13.520 2.804
9.480 15.534 14.251 7.881 1.661
16.917 0.580 3.838 9.261 12.926
2.415 11.402 0.285 12.203 8.348
3.782 3.478 16.910 3.426 12.536
13.325 3.594 13.308 3.640 8.345
1.424 1.327 9.967 0.108 1.899
4.189 15.904 2.084 1.805 1.567
19.569 1.216 0.756 0.018 15.938
8.308 3.137 15.612 14.229 10.983
2.889 7.700 13.141 4.369 5.317
3.082 5.525 7.820 5.757 3.669
13.628 8.120 2.708 1.487 16.285
23.878 11.660 1.572 4.364 14.527
4.183 21.395 4.390 1.610 15.520
8.632 11.470 9.072 0.242 5.981
16.227 7.195 1.631 9.640 1.582
11.021 6.785 19.336 0.674 1.484
12.611 1.125 14.053 6.582 14.853
4.822 8.365 16.737 16.740 17.699
0.123 12.345 11.603 9.398 16.316
10.401 4.147 15.092 3.809 2.096
0.672 1.546 0.110 0.303 14.086
4.416 0.375 0.420 10.968 0.265
1.321 2.355 9.973 0.191 0.719
2.440 11.561 8.674 10.740 8.807
8.264 0.411 4.650 5.154 12.059
11.419 14.432 8.204 11.879 0.051
6.675 1.365 5.808 7.445 10.480
18.717 3.675 4.918 3.216 2.840
27.607 8.410 1.336 13.548 13.232
11.000 0.016 5.930 9.686 14.251
16.523 4.630 13.889 3.848 8.246
4.687 18.417 4.827 11.411 22.252
2.475 13.123 7.528 18.411 10.672
8.524 4.129 14.884 6.228 10.168
11.269 21.060 2.076 4.007 26.361
7.042 4.059 11.543 6.623 12.245
0.251 2.076 18.967 13.692 7.117
1.902 2.572 9.221 17.059 8.512
3.449 1.593 5.907 16.546 8.529
15.727 19.153 14.881 6.187 0.061
8.467 6.443 2.110 3.144 12.942
5.566 2.329 2.717 3.162 5.396
11.163 13.726 10.013 13.538 0.022
11.905 3.191 5.718 6.504 3.470
7.636 9.386 4.219 3.073 6.523
15.232 15.694 14.055 7.956 11.398
8.397 16.675 7.145 14.304 3.679
4.220 1.108 7.178 8.958 5.824
5.183 10.539 6.654 8.455 1.748
5.658 5.748 12.026 8.765 7.213
12.130 3.730 1.156 11.333 4.049
9.268 15.179 4.085 5.755 6.463
6.993 2.973 12.232 8.426 14.299
5.185 9.559 6.564 18.114 2.492
0.522 4.268 15.891 3.174 8.637
7.932 3.776 5.344 11.591 7.292
7.283 3.971 4.858 4.550 0.731
8.348 11.251 0.088 24.148 1.646
18.854 0.054 0.753 3.500 11.518
2.118 6.199 3.046 9.082 6.268
7.127 7.865 6.286 6.690 1.417
2.195 1.117 1.360 19.722 6.263
4.489 2.954 4.204 16.123 6.011
0.276 5.477 4.179 21.461 33.106
2.975 0.864 5.091 10.542 3.447
14.097 5.599 2.307 3.747 17.312
19.140 27.458 4.417 3.693 12.917
16.428 12.007 5.615 5.605 2.509
10.384 3.356 14.098 14.667 2.314
6.295 17.877 3.023 6.125 3.030
13.583 18.147 3.829 3.345 6.938
4.418 0.586 0.810 9.803 11.734
9.699 5.354 2.777 5.562 14.336
4.866 1.122 1.116 14.977 0.767
2.852 4.572 12.326 22.067 15.582
0.507 11.453 14.826 12.337 17.777
8.997 6.038 7.211 4.781 2.971
1.746 4.864 2.097 10.430 5.164
2.591 9.708 11.459 5.961 13.823
2.078 13.270 8.313 4.953 20.358
10.459 10.805 0.888 2.578 14.482
2.220 5.909 4.876 2.862 1.190
17.825 12.199 0.965 1.204 16.937
0.859 2.980 16.166 4.739 7.436
0.694 9.975 7.458 20.155 0.309
3.827 11.270 2.069 6.275 6.360
4.968 13.288 8.617 8.608 7.855
6.887 11.282 2.721 0.141 15.672
5.553 8.748 7.428 6.372 3.507
13.365 0.690 1.661 2.538 2.655
2.215 21.211 2.736 2.065 15.115
11.209 21.808 4.740 13.362 9.102
7.739 0.480 10.409 5.151 2.481
8.908 1.243 5.540 12.738 8.749
5.350 7.825 9.019 11.876 12.011
2.267 7.150 4.930 2.601 2.478
19.428 7.215 8.232 16.044 7.948
14.270 13.175 7.174 0.769 15.242
7.369 3.340 12.518 1.869 4.207
12.764 15.258 7.871 28.321 7.774
3.940 3.603 5.076 1.336 9.351
26.124 8.754 8.978 10.718 9.765
0.564 7.386 6.684 10.040 4.237
7.366 10.585 1.292 38.266 2.537
1.301 1.395 1.594 4.659 2.307
5.441 3.912 5.650 18.694 10.061
2.463 15.507 0.934 16.925 14.009
7.215 23.626 3.570 1.711 3.037
0.411 25.741 2.244 15.526 2.148
14.184 11.216 6.513 12.784 5.417
3.228 1.142 2.708 0.726 4.387
3.582 5.741 2.714 2.732 18.127
9.717 2.597 3.576 15.091 1.083
5.258 17.227 1.674 4.288 17.922
11.692 1.360 21.246 12.213 3.456
1.608 5.788 17.853 0.073 4.187
4.719 8.473 2.771 1.403 7.197
11.135 2.340 10.719 2.175 13.033
13.099 5.614 8.462 3.119 15.580
13.900 15.361 5.480 23.486 7.266
0.286 11.731 2.909 16.096 0.333
10.497 5.995 7.060 11.081 11.233
6.027 24.309 15.558 1.356 5.882
0.626 9.592 0.652 16.225 8.785
8.147 3.352 5.867 5.437 9.715
8.283 4.839 8.430 14.610 9.398
4.754 5.542 4.787 8.809 10.855
1.695 10.086 5.720 9.195 22.845
20.266 0.631 14.691 3.220 9.743
2.623 5.008 19.607 12.038 4.471
8.699 7.270 2.044 10.933 12.582
2.856 12.987 5.950 10.616 0.699
5.068 6.736 16.637 1.588 1.982
6.124 0.030 5.358 5.781 14.938
6.296 3.046 9.700 8.332 2.800
4.302 4.206 7.304 15.025 0.364
11.253 0.146 6.380 3.984 1.650
11.769 13.138 18.939 3.738 4.934
1.177 6.774 28.775 6.568 1.138
16.734 1.221 3.526 10.098 0.385
5.942 16.487 1.276 6.831 3.223
3.375 13.452 11.894 10.902 7.690
14.745 0.245 3.046 13.516 14.123
0.052 4.559 15.001 6.075 12.276
15.889 12.818 0.255 0.212 11.647
3.892 2.030 3.701 26.193 13.082
18.099 13.828 3.584 5.893 19.968
4.597 5.888 6.559 3.349 5.736
2.353 11.641 4.292 5.245 8.429
9.204 8.040 9.833 1.058 1.239
4.534 0.191 5.760 14.115 12.581
0.994 0.954 5.827 17.411 11.419
17.602 16.236 9.239 3.848 2.961
9.512 10.115 15.252 5.056 16.002
11.098 16.378 5.765 3.071 4.771
9.683 10.146 5.398 4.678 2.567
3.001 0.802 20.489 7.139 8.419
1.555 5.334 13.899 15.862 9.980
7.488 1.205 3.588 9.763 9.171
2.855 11.288 8.054 2.179 3.921
3.413 2.157 4.478 15.709 2.416
